18202
6225
9729
18745
16069
8365
26074
19423
19653
21760
12787
22870
10832
27924
23251
29991
21572
20439
18705
32299
22797
28712
23625
17804
10646
26245
13242
1074
8676
1905
15461
5531
12721
6715
20667
21626
25767
664
16716
11348
2505
2186
24561
32242
28704
30789
12329
31153
30424
15381
23524
5673
8044
18753
5608
26948
10474
15109
3865
26515
12977
15138
25009
25856
15679
20042
5803
32230
24628
4853
17073
20590
14782
15122
23141
14771
23326
19716
24787
27888
22396
19961
18705
13045
6026
12108
32125
15256
16678
20117
30437
25940
12782
15206
28417
26448
26555
32141
23115
18677
10516
193
21462
13408
16200
22477
3977
15294
28069
11923
21178
29839
2379
14392
9384
12566
18643
22975
21060
15012
7593
1032
21106
800
30380
14462
13184
25024
22657
12027
3470
11244
28119
26629
17055
10992
10584
9188
31479
3009
20953
15827
9690
26508
13911
20034
27606
25547
24375
25314
12668
2720
25901
7800
12839
25899
2826
27656
19644
2873
31356
5147
15875
24827
13950
26092
12236
13069
26061
11840
12994
9443
20818
14640
20428
12989
20265
19549
3765
11438
12096
15721
25695
15123
14366
28284
20794
32464
12898
7689
2742
27340
6028
12978
28550
30358
14294
31559
8933
9982
10582
607
32490
2953
656
29116
9410
24852
12693
31869
12195
11671
23684
13068
9524
13439
22890
4971
6736
9882
1489
5336
17967
26036
24590
26973
7560
5451
13681
26344
23353
15107
27629
26303
21153
2288
3369
16313
26357
14670
22912
8848
18012
2949
1786
16005
18564
11937
7319
18432
19243
8886
7321
20478
18970
5979
2016
23327
27870
12944
19304
27537
17753
1148
10577
23730
20861
11307
2118
29844
21300
8285
25058
26110
22026
21435
21561
8516
6549
23073
27829
11160
13785
30678
23225
26527
20758
19002
27804
7532
27661
30242
27603
8667
2634
20545
12788
19923
1430
25451
20105
14436
627
29813
24418
27669
2388
13508
25055
19861
3882
19451
8224
14879
3027
6393
10966
4833
14399
25548
4708
8156
23884
25112
22020
17994
20283
30001
8645
22803
13750
31248
32461
7824
16994
31534
13791
1652
25510
31710
21261
15026
22262
23136
7365
2505
18281
6313
17353
7107
30939
15523
16969
5144
25924
32071
4817
11024
25834
31174
4196
27311
15322
8645
11758
15784
9805
10008
18093
19770
29224
24711
25956
11782
22404
30931
8979
24979
8973
20530
22477
659
20671
27359
11418
23062
546
13413
9421
18005
10708
26839
16126
20089
5379
17861
25244
10269
13936
9680
20857
31746
9776
16765
12441
13064
30757
536
13406
10512
10864
19402
31528
11266
32635
6947
25840
7141
12127
12545
28169
21409
17827
31576
28008
1287
22055
22952
29400
2303
16371
5793
31144
8974
11238
25775
29063
30230
28856
2992
7045
31841
28889
324
23368
7239
7137
8444
17845
14731
7565
15403
18529
7555
12419
16297
15718
12632
15563
31683
31350
10956
442
3189
32766
23013
26267
29858
512
29007
18978
11825
25272
27438
18660
16233
23236
16073
20495
19436
16810
21244
27640
14212
25190
17796
9379
6471
24554
18960
2437
7899
24294
32759
30803
24422
27995
15601
7060
27291
